0
1

0.2

12

reposGauche 1
0 60 40 60
reposDroite 1
0 120 40 60
reposHaut 1
0 180 40 60
reposBas 1
0 0 40 60

marcheGaucheBas 4
0 60 40 60
40 60 40 60
80 60 40 60
120 60 40 60
marcheGauche 4
0 60 40 60
40 60 40 60
80 60 40 60
120 60 40 60
marcheGaucheHaut 4
0 60 40 60
40 60 40 60
80 60 40 60
120 60 40 60
marcheHaut 4
0 180 40 60
40 180 40 60
80 180 40 60
120 180 40 60
marcheDroiteHaut 4
0 120 40 60
40 120 40 60
80 120 40 60
120 120 40 60
marcheDroite 4
0 120 40 60
40 120 40 60
80 120 40 60
120 120 40 60
marcheDroiteBas 4
0 120 40 60
40 120 40 60
80 120 40 60
120 120 40 60
marcheBas 4
0 0 40 60
40 0 40 60
80 0 40 60
120 0 40 60

25 25
2 2